391_1,1.0,42.4,59.74,101.0,180.0,137.32,0.21,475429418,476034218,5.31,731.51,879.0,8.0,10.6371688843,-0.625568449497,106.13,1.0,none,3FGL J0248.5+6022,PSR J0248+6021,30.07,5.48,40.45,60.86,135.97,0.81,0.793,1.0,105.35,2.1,4.32,0.03,33.37,48.68,9.572,-3.23,0.43,17.33,4.16,41.57,61.13,136.34,1.28,0.237,1.0,105.92,0.4,3.12,0.0,0.61,17.59,2.239,0.795,-3.79,0.82,42.4,59.74,0.8,fava,391,Mon 25 Jan 2016,Mon 01 Feb 2016
391_2,2.0,78.68,-46.16,535.0,102.0,251.98,-35.55,475429418,476034218,1.09,77.82,87.0,6.0,0.566908895969,4.58423376083,100.19,1.0,none,3FGL J0515.3-4557,PKS 0514-459,14.79,3.85,73.9,-45.23,250.63,-38.84,1.224,-1.0,98.14,0.3,3.28,0.0,17.07,21.08,7.119,-3.01,0.52,29.97,5.47,78.84,-45.93,251.7,-35.42,0.178,1.0,100.43,1.25,4.3,0.01,3.52,30.44,1.749,0.66,-2.09,0.39,78.68,-46.16,0.8,fava,391,Mon 25 Jan 2016,Mon 01 Feb 2016
391_3,3.0,38.41,-55.21,460.0,66.0,276.54,-56.37,475429418,476034218,4.58,80.25,124.0,0.0,0.625165522099,0.0882797539234,73.68,1.0,none,3FGL J0228.3-5545,PKS 0226-559,18.05,4.25,38.41,-55.42,276.81,-56.22,1.263,1.0,73.64,3.3,4.13,0.0,-42.0,-42.0,-42.0,-42.0,-42.0,10.51,3.24,37.81,-56.26,278.28,-55.83,0.438,-1.0,73.19,0.55,1.92,0.0,0.91,10.91,0.638,0.372,-3.97,1.53,38.41,-55.21,0.8,fava,391,Mon 25 Jan 2016,Mon 01 Feb 2016
391_4,4.0,194.89,32.69,334.0,336.0,105.87,84.17,475429418,476034218,1.4,92.86,106.0,13.0,0.749572694302,7.34767627716,121.48,1.0,none,3FGL J1258.1+3233,ON 393,24.31,4.93,194.11,32.11,110.94,84.9,0.609,1.0,122.12,2.7,1.03,0.0,24.37,9.229,3.479,-1.79,0.52,57.78,7.6,194.48,32.51,108.71,84.44,0.104,1.0,121.82,1.2,1.76,0.04,0.51,59.29,2.231,0.598,-2.45,0.36,194.48,32.51,0.104,high,391,Mon 25 Jan 2016,Mon 01 Feb 2016
391_5,5.0,261.67,51.77,226.0,250.0,78.91,33.87,475429418,476034218,-0.49,115.94,110.0,7.0,0.829630494118,4.55081558228,82.05,1.0,none,None,None,6.67,2.58,264.54,49.41,76.26,31.89,1.412,-1.0,79.11,1.2,-1.57,0.0,7.24,2.071,1.685,-0.24,1.31,15.15,3.89,261.29,51.65,78.76,34.09,0.294,1.0,82.14,1.25,3.66,0.0,3.04,-42.0,-42.0,-42.0,-42.0,-42.0,261.67,51.77,0.8,fava,391,Mon 25 Jan 2016,Mon 01 Feb 2016
391_6,6.0,71.14,-44.37,528.0,91.0,249.5,-40.8,475429418,476034218,4.05,70.92,107.0,0.0,0.973885118961,-0.311755686998,97.02,1.0,none,3FGL J0449.4-4350,PKS 0447-439,14.21,3.77,73.69,-45.25,250.66,-38.99,1.815,-1.0,98.01,1.65,3.37,0.0,16.14,21.4,6.975,-3.24,0.56,3.77,1.94,70.56,-42.9,247.54,-41.21,2.957,-3.0,97.49,0.0,1.27,0.0,3.25,3.81,0.221,0.237,-3.72,2.67,71.14,-44.37,0.8,fava,391,Mon 25 Jan 2016,Mon 01 Feb 2016
391_7,7.0,311.91,-17.99,310.0,113.0,28.51,-33.49,475429418,476034218,6.73,119.84,200.0,7.0,1.04316496849,4.191801548,0.67,1.0,none,None,None,50.25,7.09,310.03,-18.42,27.27,-31.98,0.63,1.0,1.17,1.95,6.41,0.17,51.17,22.05,4.625,-2.35,0.33,28.29,5.32,311.28,-17.79,28.48,-32.86,0.134,1.0,0.28,0.85,3.55,0.0,1.35,29.27,0.678,0.389,-1.84,0.43,311.28,-17.79,0.134,high,391,Mon 25 Jan 2016,Mon 01 Feb 2016
391_8,8.0,41.76,9.34,139.0,72.0,164.47,-44.01,475429418,476034218,4.68,88.98,136.0,2.0,1.1127666235,1.26929414272,93.41,1.0,none,None,None,9.04,3.01,41.59,6.85,166.42,-46.09,2.663,-1.0,92.48,1.5,3.72,0.0,9.63,15.55,6.698,-3.06,0.74,5.36,2.31,41.4,9.33,164.09,-44.23,1.25,-3.0,93.06,1.2,1.84,0.0,2.48,5.39,0.328,0.286,-2.51,1.19,41.76,9.34,0.8,fava,391,Mon 25 Jan 2016,Mon 01 Feb 2016
391_9,9.0,193.07,-3.13,424.0,296.0,303.35,59.74,475429418,476034218,4.29,146.74,201.0,0.0,1.1284352541,-0.45782494545,115.51,1.0,none,3FGL J1250.2-0233,none,17.72,4.21,193.82,-2.68,304.86,60.18,1.31,1.0,114.99,2.85,3.65,0.0,18.36,21.34,6.763,-3.14,0.51,11.57,3.4,192.89,-1.96,302.99,60.91,0.119,1.0,116.12,0.3,1.42,0.0,1.18,11.58,0.325,0.282,-1.65,0.62,193.07,-3.13,0.8,fava,391,Mon 25 Jan 2016,Mon 01 Feb 2016
391_10,10.0,306.45,-48.53,375.0,110.0,350.95,-35.28,475429418,476034218,-1.38,141.81,125.0,9.0,1.21998274326,4.83446979523,30.72,1.0,none,None,None,19.01,4.36,301.8,-44.84,355.01,-31.76,0.42,-1.0,27.91,0.0,2.98,0.0,-42.0,-42.0,-42.0,-42.0,-42.0,17.7,4.21,306.2,-48.4,351.1,-35.1,0.396,1.0,30.61,1.3,3.38,0.0,4.67,-42.0,-42.0,-42.0,-42.0,-42.0,306.45,-48.53,0.8,fava,391,Mon 25 Jan 2016,Mon 01 Feb 2016
391_11,11.0,220.95,24.97,325.0,303.0,34.41,64.72,475429418,476034218,2.31,97.0,120.0,11.0,1.46671104431,5.31359195709,97.74,1.0,none,3FGL J1443.9+2502,PKS 1441+25,29.15,5.4,220.98,25.12,34.76,64.72,0.551,1.0,97.76,3.45,2.54,0.01,29.72,12.64,4.193,-1.83,0.44,45.66,6.76,220.96,25.14,34.82,64.74,0.135,1.0,97.78,1.35,3.17,0.03,0.04,-42.0,-42.0,-42.0,-42.0,-42.0,220.96,25.14,0.135,high,391,Mon 25 Jan 2016,Mon 01 Feb 2016
391_12,12.0,346.62,34.94,179.0,129.0,99.71,-23.16,475429418,476034218,-4.61,118.03,71.0,2.0,1.50060212612,0.873099863529,62.76,1.0,none,3FGL J2311.0+3425,B2 2308+34,nan,nan,nan,nan,nan,nan,nan,nan,nan,nan,nan,nan,nan,nan,nan,nan,nan,nan,nan,nan,nan,nan,nan,nan,nan,nan,nan,nan,nan,nan,nan,nan,nan,nan,nan,346.62,34.94,0.8,fava,391,Mon 25 Jan 2016,Mon 01 Feb 2016
391_13,13.0,128.26,70.64,131.0,260.0,144.07,33.83,475429418,476034218,7.65,166.62,274.0,1.0,1.5149923563,0.132789701223,127.39,1.0,none,3FGL J0841.4+7053,S5 0836+71,89.91,9.48,129.24,70.7,143.89,34.13,0.284,1.0,127.35,3.15,7.84,0.18,93.97,30.05,4.898,-2.4,0.25,9.94,3.15,130.09,70.86,143.62,34.35,0.179,1.0,127.2,0.95,1.77,0.0,0.32,10.0,0.225,0.253,-1.63,0.78,129.24,70.7,0.284,low,391,Mon 25 Jan 2016,Mon 01 Feb 2016
391_14,14.0,296.73,66.52,177.0,222.0,98.71,19.46,475429418,476034218,4.83,173.29,240.0,1.0,2.11432743073,-0.316149950027,85.27,1.0,none,None,None,19.01,4.36,297.7,65.19,97.6,18.56,1.082,1.0,83.89,2.4,3.58,0.0,19.32,18.44,5.141,-3.43,0.52,9.05,3.01,298.37,67.85,100.27,19.43,0.329,-1.0,86.43,0.05,0.39,0.0,2.67,9.09,0.489,0.322,-2.6,0.95,296.73,66.52,0.8,fava,391,Mon 25 Jan 2016,Mon 01 Feb 2016
391_15,15.0,280.85,-58.19,402.0,136.0,337.49,-21.78,475429418,476034218,4.52,209.81,278.0,4.0,2.1248793602,1.51708436012,45.91,1.0,none,3FGL J1842.3-5841,1RXS J184230.6-584202,19.91,4.46,276.52,-58.38,336.53,-19.68,0.862,1.0,47.63,1.35,3.48,0.0,-42.0,-42.0,-42.0,-42.0,-42.0,11.66,3.41,278.81,-56.93,338.42,-20.35,0.317,-1.0,45.75,0.05,0.58,0.0,1.9,12.7,0.093,0.094,-0.24,0.91,280.85,-58.19,0.8,fava,391,Mon 25 Jan 2016,Mon 01 Feb 2016
391_16,16.0,226.78,-36.05,414.0,218.0,331.47,19.19,475429418,476034218,-4.47,226.57,162.0,2.0,2.1506793499,0.347697287798,75.1,1.0,none,3FGL J1507.6-3710,NVSS J150720-370903,nan,nan,nan,nan,nan,nan,nan,nan,nan,nan,nan,nan,nan,nan,nan,nan,nan,nan,nan,nan,nan,nan,nan,nan,nan,nan,nan,nan,nan,nan,nan,nan,nan,nan,nan,226.78,-36.05,0.8,fava,391,Mon 25 Jan 2016,Mon 01 Feb 2016
391_17,17.0,260.42,17.94,287.0,235.0,39.97,27.62,475429418,476034218,2.16,145.86,172.0,19.0,2.26387691498,7.10573673248,61.55,1.0,none,3FGL J1719.2+1744,PKS 1717+177,29.37,5.42,259.66,17.74,39.46,28.22,0.571,1.0,62.05,2.85,3.08,0.01,29.58,15.35,5.027,-1.78,0.43,44.84,6.7,259.86,17.75,39.55,28.04,0.158,1.0,61.9,1.05,6.56,0.04,0.19,45.17,2.427,0.627,-2.35,0.33,259.86,17.75,0.158,high,391,Mon 25 Jan 2016,Mon 01 Feb 2016
391_18,18.0,343.92,-27.64,334.0,57.0,25.05,-64.36,475429418,476034218,-4.14,115.13,73.0,1.0,2.38355350494,-0.490078955889,31.52,1.0,none,3FGL J2258.0-2759,PKS 2255-282,nan,nan,nan,nan,nan,nan,nan,nan,nan,nan,nan,nan,nan,nan,nan,nan,nan,nan,nan,nan,nan,nan,nan,nan,nan,nan,nan,nan,nan,nan,nan,nan,nan,nan,nan,343.92,-27.64,0.8,fava,391,Mon 25 Jan 2016,Mon 01 Feb 2016
391_19,19.0,261.32,-77.48,443.0,135.0,315.49,-21.98,475429418,476034218,2.87,165.43,203.0,16.0,2.57739686966,5.8516831398,64.19,1.0,none,3FGL J1723.7-7713,PKS 1716-771,13.54,3.68,262.79,-76.81,316.3,-21.98,0.871,1.0,63.52,2.85,3.66,0.0,13.93,15.22,5.55,-2.93,0.71,36.73,6.06,260.76,-77.22,315.68,-21.75,0.243,1.0,64.14,1.25,5.76,0.04,0.62,36.89,2.461,0.685,-2.73,0.43,261.32,-77.48,0.8,fava,391,Mon 25 Jan 2016,Mon 01 Feb 2016
391_20,20.0,305.89,-6.92,290.0,132.0,37.31,-23.62,475429418,476034218,4.53,160.02,220.0,3.0,2.78059196472,0.513651967049,12.29,1.0,none,3FGL J2025.6-0736,PKS 2023-07,17.49,4.18,306.37,-7.66,36.82,-24.37,0.778,1.0,11.42,2.85,3.84,0.0,18.05,16.43,5.233,-2.11,0.45,7.6,2.76,303.99,-7.62,35.72,-22.24,0.441,-1.0,12.59,0.0,2.96,0.0,2.36,8.81,0.61,0.345,-5.0,0.26,305.89,-6.92,0.8,fava,391,Mon 25 Jan 2016,Mon 01 Feb 2016
391_21,21.0,278.57,-65.22,416.0,134.0,329.88,-22.71,475429418,476034218,4.29,228.71,296.0,1.0,3.00825047493,-0.849076449871,51.9,1.0,none,3FGL J1831.6-6503,none,13.85,3.72,273.92,-63.62,330.84,-20.31,1.191,-1.0,52.13,1.05,3.76,0.0,17.07,17.02,4.879,-5.0,0.01,4.76,2.18,279.42,-66.68,328.44,-23.43,2.778,-3.0,52.8,0.15,0.79,0.0,3.84,4.81,0.091,0.095,-1.26,0.62,278.57,-65.22,0.8,fava,391,Mon 25 Jan 2016,Mon 01 Feb 2016
391_22,22.0,84.35,19.83,672.0,162.0,186.77,-6.38,475429418,476034218,-5.14,640.26,514.0,6.0,3.0810008049,1.77731096745,135.78,1.0,none,None,None,nan,nan,nan,nan,nan,nan,nan,nan,nan,nan,nan,nan,nan,nan,nan,nan,nan,nan,nan,nan,nan,nan,nan,nan,nan,nan,nan,nan,nan,nan,nan,nan,nan,nan,nan,84.35,19.83,0.8,fava,391,Mon 25 Jan 2016,Mon 01 Feb 2016
391_23,23.0,338.51,11.47,235.0,99.0,77.57,-39.01,475429418,476034218,26.23,157.34,587.0,86.0,3.77765631676,19.4370708466,39.98,1.0,none,3FGL J2232.5+1143,CTA 102,887.71,29.79,338.1,11.72,77.38,-38.56,0.171,1.0,39.89,3.0,26.85,0.94,903.82,226.7,13.62,-2.24,0.09,450.21,21.22,338.14,11.71,77.41,-38.58,0.043,1.0,39.91,1.05,19.16,0.61,0.04,465.7,17.33,1.704,-2.25,0.13,338.14,11.71,0.043,high,391,Mon 25 Jan 2016,Mon 01 Feb 2016
391_24,24.0,281.83,33.11,239.0,211.0,62.71,15.22,475429418,476034218,4.17,178.18,236.0,15.0,3.93897461891,4.46261930466,58.36,1.0,none,3FGL J1848.6+3232,none,48.39,6.96,281.95,32.58,62.24,14.92,0.459,1.0,57.86,3.0,4.44,0.09,49.26,32.42,7.388,-2.07,0.32,33.58,5.8,282.13,32.75,62.48,14.84,0.209,1.0,57.92,1.15,3.25,0.02,0.24,33.99,2.554,0.735,-2.43,0.35,282.13,32.75,0.209,high,391,Mon 25 Jan 2016,Mon 01 Feb 2016
391_25,25.0,353.13,-49.31,389.0,59.0,332.06,-63.11,475429418,476034218,-7.22,156.94,75.0,0.0,4.31431007385,-2.21512413025,45.87,1.0,none,3FGL J2329.3-4955,PKS 2326-502,nan,nan,nan,nan,nan,nan,nan,nan,nan,nan,nan,nan,nan,nan,nan,nan,nan,nan,nan,nan,nan,nan,nan,nan,nan,nan,nan,nan,nan,nan,nan,nan,nan,nan,nan,353.13,-49.31,0.8,fava,391,Mon 25 Jan 2016,Mon 01 Feb 2016
391_26,26.0,186.87,21.85,392.0,334.0,255.71,82.41,475429418,476034218,-10.0,184.27,81.0,1.0,5.22847652435,-1.83308255672,127.82,1.0,none,3FGL J1224.9+2122,4C +21.35,nan,nan,nan,nan,nan,nan,nan,nan,nan,nan,nan,nan,nan,nan,nan,nan,nan,nan,nan,nan,nan,nan,nan,nan,nan,nan,nan,nan,nan,nan,nan,nan,nan,nan,nan,186.87,21.85,0.8,fava,391,Mon 25 Jan 2016,Mon 01 Feb 2016
391_27,27.0,249.19,-22.56,367.0,212.0,356.13,16.3,475429418,476034218,-4.13,403.71,323.0,7.0,5.74583864212,0.766023278236,57.94,1.0,none,None,None,nan,nan,nan,nan,nan,nan,nan,nan,nan,nan,nan,nan,nan,nan,nan,nan,nan,nan,nan,nan,nan,nan,nan,nan,nan,nan,nan,nan,nan,nan,nan,nan,nan,nan,nan,249.19,-22.56,0.8,fava,391,Mon 25 Jan 2016,Mon 01 Feb 2016
391_28,28.0,229.26,-9.0,372.0,257.0,352.37,39.51,475429418,476034218,-10.0,351.22,173.0,2.0,6.4984869957,-1.71596717834,79.63,1.0,none,3FGL J1512.8-0906,PKS 1510-08,nan,nan,nan,nan,nan,nan,nan,nan,nan,nan,nan,nan,nan,nan,nan,nan,nan,nan,nan,nan,nan,nan,nan,nan,nan,nan,nan,nan,nan,nan,nan,nan,nan,nan,nan,229.26,-9.0,0.8,fava,391,Mon 25 Jan 2016,Mon 01 Feb 2016
391_29,29.0,40.12,16.72,129.0,85.0,157.18,-38.79,475429418,476034218,4.54,123.78,177.0,21.0,6.57352304459,4.64552640915,94.12,1.0,none,3FGL J0238.6+1636,AO 0235+164,26.92,5.19,39.74,16.42,156.99,-39.24,0.488,1.0,93.69,3.15,4.45,0.0,27.14,24.24,6.368,-2.15,0.36,21.22,4.61,39.77,16.61,156.89,-39.06,0.21,1.0,93.77,1.25,2.93,0.0,0.19,21.4,2.923,0.898,-2.44,0.41,39.77,16.61,0.21,high,391,Mon 25 Jan 2016,Mon 01 Feb 2016
391_30,30.0,5.99,73.38,132.0,204.0,120.94,10.61,475429418,476034218,6.35,361.38,488.0,29.0,6.87813091278,6.42426633835,98.06,1.0,none,None,None,69.94,8.36,4.3,73.62,120.48,10.91,0.301,1.0,97.84,3.0,7.05,0.16,73.27,37.49,6.418,-2.31,0.25,63.31,7.96,5.21,73.37,120.71,10.63,0.129,1.0,97.89,1.25,3.66,0.07,0.36,63.41,2.844,0.686,-2.9,0.42,5.21,73.37,0.129,high,391,Mon 25 Jan 2016,Mon 01 Feb 2016
391_31,31.0,331.0,42.56,181.0,157.0,92.95,-10.36,475429418,476034218,2.48,225.39,263.0,34.0,11.9100704193,5.35048437119,63.31,1.0,none,3FGL J2202.7+4217,BL Lacertae,15.17,3.9,330.71,42.59,92.8,-10.21,0.764,1.0,63.25,3.3,2.25,0.0,15.36,14.55,6.646,-1.5,0.61,28.23,5.31,330.69,42.23,92.57,-10.48,0.143,1.0,62.92,1.1,4.78,0.0,0.36,28.45,3.99,1.026,-2.31,0.29,331.0,42.56,0.8,fava,391,Mon 25 Jan 2016,Mon 01 Feb 2016
391_32,32.0,216.52,-41.92,434.0,215.0,321.19,17.57,475429418,476034218,7.65,268.9,403.0,47.0,13.3515253067,7.26520681381,81.41,1.0,none,3FGL J1427.9-4206,PKS B1424-418,106.0,10.3,216.79,-42.0,321.35,17.42,0.257,1.0,81.2,3.45,7.65,0.13,107.53,41.13,6.456,-1.54,0.22,48.41,6.96,216.92,-42.04,321.43,17.34,0.137,1.0,81.09,1.3,7.27,0.03,0.11,48.76,5.062,1.027,-2.42,0.26,216.92,-42.04,0.137,high,391,Mon 25 Jan 2016,Mon 01 Feb 2016
391_33,33.0,226.57,10.49,344.0,284.0,11.8,54.2,475429418,476034218,9.01,189.66,326.0,35.0,14.7946891785,4.59023857117,88.23,1.0,none,3FGL J1504.4+1029,PKS 1502+106,95.16,9.75,226.1,10.61,11.54,54.65,0.303,1.0,88.71,3.0,8.73,0.37,102.76,61.17,8.233,-2.42,0.22,21.84,4.67,225.99,10.59,11.41,54.72,0.144,1.0,88.8,0.95,3.77,0.0,0.11,22.06,3.319,0.97,-2.52,0.35,225.99,10.59,0.144,high,391,Mon 25 Jan 2016,Mon 01 Feb 2016
391_34,34.0,49.44,41.17,87.0,145.0,150.44,-13.76,475429418,476034218,4.75,222.24,296.0,16.0,14.9650163651,0.432961970568,107.85,1.0,none,3FGL J0316.6+4119,IC 310,27.84,5.28,49.43,41.71,150.13,-13.31,0.858,1.0,107.93,3.0,3.61,0.01,30.07,25.02,5.781,-2.56,0.37,5.98,2.45,49.69,41.31,150.52,-13.53,0.91,-2.0,108.06,1.25,0.13,0.0,0.44,5.99,0.574,0.521,-1.87,0.6,49.44,41.17,0.8,fava,391,Mon 25 Jan 2016,Mon 01 Feb 2016
